0 0
0.001 0
0.002 0
0.003 0
0.004 0
0.005 0
0.006 0
0.007 0
0.008 0
0.009 0
0.01 0
0.011 0
0.012 0
0.013 0
0.014 0
0.015 0
0.016 0
0.017 0
0.018 0
0.019 0
0.02 0
0.021 0
0.022 0
0.023 0
0.024 0
0.025 0
0.026 0
0.027 0
0.028 0
0.029 0
0.03 0
0.031 0
0.032 0
0.033 0
0.034 0
0.035 0
0.036 0
0.037 0
0.038 0
0.039 0
0.04 0
0.041 0
0.042 0
0.043 0
0.044 0
0.045 0
0.046 0
0.047 0
0.048 0
0.049 0
0.05 0
0.051 0
0.052 0
0.053 0
0.054 0
0.055 0
0.056 0
0.057 0
0.058 0
0.059 0
0.06 0
0.061 0
0.062 0
0.063 0
0.064 0
0.065 0
0.066 0
0.067 0
0.068 0
0.069 0
0.07 0
0.071 0
0.072 0
0.073 0
0.074 0
0.075 0
0.076 0
0.077 0
0.078 0
0.079 0
0.08 0
0.081 0
0.082 0
0.083 0
0.084 0
0.085 0
0.086 0
0.087 0
0.088 0
0.089 0
0.09 0
0.091 0
0.092 0
0.093 0
0.094 0
0.095 0
0.096 0
0.097 0
0.098 0
0.099 0
0.1 0
0.101 0
0.102 0
0.103 0
0.104 0
0.105 0
0.106 0
0.107 0
0.108 0
0.109 0
0.11 0
0.111 0
0.112 0
0.113 0
0.114 0
0.115 0
0.116 0
0.117 0
0.118 0
0.119 0
0.12 0
0.121 0
0.122 0
0.123 0
0.124 0
0.125 0
0.126 0
0.127 0
0.128 0
0.129 0
0.13 0
0.131 0
0.132 0
0.133 0
0.134 0
0.135 0
0.136 0
0.137 0
0.138 0
0.139 0
0.14 0
0.141 0
0.142 0
0.143 0
0.144 0
0.145 0
0.146 0
0.147 0
0.148 0
0.149 0
0.15 0
0.151 0
0.152 0
0.153 0
0.154 0
0.155 0
0.156 0
0.157 0
0.158 0
0.159 0
0.16 0
0.161 0
0.162 0
0.163 0
0.164 0
0.165 0
0.166 0
0.167 0
0.168 0
0.169 0
0.17 0
0.171 0
0.172 0
0.173 0
0.174 0
0.175 0
0.176 0
0.177 0
0.178 0
0.179 0
0.18 0
0.181 0
0.182 0
0.183 0
0.184 0
0.185 0
0.186 0
0.187 0
0.188 0
0.189 0
0.19 0
0.191 0
0.192 0
0.193 0
0.194 0
0.195 0
0.196 0
0.197 0
0.198 0
0.199 0
0.2 0
0.201 0
0.202 0
0.203 0
0.204 0
0.205 0
0.206 0
0.207 0
0.208 0
0.209 0
0.21 0
0.211 0
0.212 0
0.213 0
0.214 0
0.215 0
0.216 0
0.217 0
0.218 0
0.219 0
0.22 0
0.221 0
0.222 0
0.223 0
0.224 0
0.225 0
0.226 0
0.227 0
0.228 0
0.229 0
0.23 0
0.231 0
0.232 0
0.233 0
0.234 0
0.235 0
0.236 0
0.237 0
0.238 0
0.239 0
0.24 0
0.241 0
0.242 0
0.243 0
0.244 0
0.245 0
0.246 0
0.247 0
0.248 0
0.249 0
0.25 0
0.251 0
0.252 0
0.253 0
0.254 0
0.255 0
0.256 0
0.257 0
0.258 0
0.259 0
0.26 0
0.261 0
0.262 0
0.263 0
0.264 0
0.265 0
0.266 0
0.267 0
0.268 0
0.269 0
0.27 0
0.271 0
0.272 0
0.273 0
0.274 0
0.275 0
0.276 0
0.277 0
0.278 0
0.279 0
0.28 0
0.281 0
0.282 0
0.283 0
0.284 0
0.285 0
0.286 0
0.287 0
0.288 0
0.289 0
0.29 0
0.291 0
0.292 0
0.293 0
0.294 0
0.295 0
0.296 0
0.297 0
0.298 0
0.299 0
0.3 0
0.301 0
0.302 0
0.303 0
0.304 0
0.305 0
0.306 0
0.307 0
0.308 0
0.309 0
0.31 0
0.311 0
0.312 0
0.313 0
0.314 0
0.315 0
0.316 0
0.317 0
0.318 0
0.319 0
0.32 0
0.321 0
0.322 0
0.323 0
0.324 0
0.325 0
0.326 0
0.327 0
0.328 0
0.329 0
0.33 0
0.331 0
0.332 0
0.333 0
0.334 0
0.335 0
0.336 0
0.337 0
0.338 0
0.339 0
0.34 0
0.341 0
0.342 0
0.343 0
0.344 0
0.345 0
0.346 0
0.347 0
0.348 0
0.349 0
0.35 0
0.351 0
0.352 0
0.353 0
0.354 0
0.355 0
0.356 0
0.357 0
0.358 0
0.359 0
0.36 0
0.361 0
0.362 0
0.363 0
0.364 0
0.365 0
0.366 0
0.367 0
0.368 0
0.369 0
0.37 0
0.371 0
0.372 0
0.373 0
0.374 0
0.375 0
0.376 0
0.377 0
0.378 0
0.379 0
0.38 0
0.381 0
0.382 0
0.383 0
0.384 0
0.385 0
0.386 0
0.387 0
0.388 0
0.389 0
0.39 0
0.391 0
0.392 0
0.393 0
0.394 0
0.395 0
0.396 0
0.397 0
0.398 0
0.399 0
0.4 0
0.401 0
0.402 0
0.403 0
0.404 0
0.405 0
0.406 0
0.407 0
0.408 0
0.409 0
0.41 0
0.411 0
0.412 0
0.413 0
0.414 0
0.415 0
0.416 0
0.417 0
0.418 0
0.419 0
0.42 0
0.421 0
0.422 0
0.423 0
0.424 0
0.425 0
0.426 0
0.427 0
0.428 0
0.429 0
0.43 0
0.431 0
0.432 0
0.433 0
0.434 0
0.435 0
0.436 0
0.437 0
0.438 0
0.439 0
0.44 0
0.441 0
0.442 0
0.443 0
0.444 0
0.445 0
0.446 0
0.447 0
0.448 0
0.449 0
0.45 0
0.451 0
0.452 0
0.453 0
0.454 0
0.455 0
0.456 0
0.457 0
0.458 0
0.459 0
0.46 0
0.461 0
0.462 0
0.463 0
0.464 0
0.465 0
0.466 0
0.467 0
0.468 0
0.469 0
0.47 0
0.471 0
0.472 0
0.473 0
0.474 0
0.475 0
0.476 0
0.477 0
0.478 0
0.479 0
0.48 0
0.481 0
0.482 0
0.483 0
0.484 0
0.485 0
0.486 0
0.487 0
0.488 0
0.489 0
0.49 0
0.491 0
0.492 0
0.493 0
0.494 0
0.495 0
0.496 0
0.497 0
0.498 0
0.499 0
0.5 0
0.501 0
0.502 0
0.503 0
0.504 0
0.505 0
0.506 0
0.507 0
0.508 0
0.509 0
0.51 0
0.511 0
0.512 0
0.513 0
0.514 0
0.515 0
0.516 0
0.517 0
0.518 0
0.519 0
0.52 0
0.521 0
0.522 0
0.523 0
0.524 0
0.525 0
0.526 0
0.527 0
0.528 0
0.529 0
0.53 0
0.531 0
0.532 0
0.533 0
0.534 0
0.535 0
0.536 0
0.537 0
0.538 0
0.539 0
0.54 0
0.541 0
0.542 0
0.543 0
0.544 0
0.545 0
0.546 0
0.547 0
0.548 0
0.549 0
0.55 0
0.551 0
0.552 0
0.553 0
0.554 0
0.555 0
0.556 0
0.557 0
0.558 0
0.559 0
0.56 0
0.561 0
0.562 0
0.563 0
0.564 0
0.565 0
0.566 0
0.567 0
0.568 0
0.569 0
0.57 0
0.571 0
0.572 0
0.573 0
0.574 0
0.575 0
0.576 0
0.577 0
0.578 0
0.579 0
0.58 0
0.581 0
0.582 0
0.583 0
0.584 0
0.585 0
0.586 0
0.587 0
0.588 0
0.589 0
0.59 0
0.591 0
0.592 0
0.593 0
0.594 0
0.595 0
0.596 0
0.597 0
0.598 0
0.599 0
0.6 1e+06
0.601 1e+06
0.602 1e+06
0.603 1e+06
0.604 1e+06
0.605 1e+06
0.606 1e+06
0.607 1e+06
0.608 1e+06
0.609 1e+06
0.61 1e+06
0.611 1e+06
0.612 1e+06
0.613 1e+06
0.614 1e+06
0.615 1e+06
0.616 1e+06
0.617 1e+06
0.618 1e+06
0.619 1e+06
0.62 1e+06
0.621 1e+06
0.622 1e+06
0.623 1e+06
0.624 1e+06
0.625 1e+06
0.626 1e+06
0.627 1e+06
0.628 1e+06
0.629 1e+06
0.63 1e+06
0.631 1e+06
0.632 1e+06
0.633 1e+06
0.634 1e+06
0.635 1e+06
0.636 1e+06
0.637 1e+06
0.638 1e+06
0.639 1e+06
0.64 1e+06
0.641 1e+06
0.642 1e+06
0.643 1e+06
0.644 1e+06
0.645 1e+06
0.646 1e+06
0.647 1e+06
0.648 1e+06
0.649 1e+06
0.65 1e+06
0.651 1e+06
0.652 1e+06
0.653 1e+06
0.654 1e+06
0.655 1e+06
0.656 1e+06
0.657 1e+06
0.658 1e+06
0.659 1e+06
0.66 1e+06
0.661 1e+06
0.662 1e+06
0.663 1e+06
0.664 1e+06
0.665 1e+06
0.666 1e+06
0.667 1e+06
0.668 1e+06
0.669 1e+06
0.67 1e+06
0.671 1e+06
0.672 1e+06
0.673 1e+06
0.674 1e+06
0.675 1e+06
0.676 1e+06
0.677 1e+06
0.678 1e+06
0.679 1e+06
0.68 1e+06
0.681 1e+06
0.682 1e+06
0.683 1e+06
0.684 1e+06
0.685 1e+06
0.686 1e+06
0.687 1e+06
0.688 1e+06
0.689 1e+06
0.69 1e+06
0.691 1e+06
0.692 1e+06
0.693 1e+06
0.694 1e+06
0.695 1e+06
0.696 1e+06
0.697 1e+06
0.698 1e+06
0.699 1e+06
0.7 1e+06
0.701 1e+06
0.702 1e+06
0.703 1e+06
0.704 1e+06
0.705 1e+06
0.706 1e+06
0.707 1e+06
0.708 1e+06
0.709 1e+06
0.71 1e+06
0.711 1e+06
0.712 1e+06
0.713 1e+06
0.714 1e+06
0.715 1e+06
0.716 1e+06
0.717 1e+06
0.718 1e+06
0.719 1e+06
0.72 1e+06
0.721 1e+06
0.722 1e+06
0.723 1e+06
0.724 1e+06
0.725 1e+06
0.726 1e+06
0.727 1e+06
0.728 1e+06
0.729 1e+06
0.73 1e+06
0.731 1e+06
0.732 1e+06
0.733 1e+06
0.734 1e+06
0.735 1e+06
0.736 1e+06
0.737 1e+06
0.738 1e+06
0.739 1e+06
0.74 1e+06
0.741 1e+06
0.742 1e+06
0.743 1e+06
0.744 1e+06
0.745 1e+06
0.746 1e+06
0.747 1e+06
0.748 1e+06
0.749 1e+06
0.75 1e+06
0.751 1e+06
0.752 1e+06
0.753 1e+06
0.754 1e+06
0.755 1e+06
0.756 1e+06
0.757 1e+06
0.758 1e+06
0.759 1e+06
0.76 1e+06
0.761 1e+06
0.762 1e+06
0.763 1e+06
0.764 1e+06
0.765 1e+06
0.766 1e+06
0.767 1e+06
0.768 1e+06
0.769 1e+06
0.77 1e+06
0.771 1e+06
0.772 1e+06
0.773 1e+06
0.774 1e+06
0.775 1e+06
0.776 1e+06
0.777 1e+06
0.778 1e+06
0.779 1e+06
0.78 1e+06
0.781 1e+06
0.782 1e+06
0.783 1e+06
0.784 1e+06
0.785 1e+06
0.786 1e+06
0.787 1e+06
0.788 1e+06
0.789 1e+06
0.79 1e+06
0.791 1e+06
0.792 1e+06
0.793 1e+06
0.794 1e+06
0.795 1e+06
0.796 1e+06
0.797 1e+06
0.798 1e+06
0.799 1e+06
0.8 1e+06
0.801 1e+06
0.802 1e+06
0.803 1e+06
0.804 1e+06
0.805 1e+06
0.806 1e+06
0.807 1e+06
0.808 1e+06
0.809 1e+06
0.81 1e+06
0.811 1e+06
0.812 1e+06
0.813 1e+06
0.814 1e+06
0.815 1e+06
0.816 1e+06
0.817 1e+06
0.818 1e+06
0.819 1e+06
0.82 1e+06
0.821 1e+06
0.822 1e+06
0.823 1e+06
0.824 1e+06
0.825 1e+06
0.826 1e+06
0.827 1e+06
0.828 1e+06
0.829 1e+06
0.83 1e+06
0.831 1e+06
0.832 1e+06
0.833 1e+06
0.834 1e+06
0.835 1e+06
0.836 1e+06
0.837 1e+06
0.838 1e+06
0.839 1e+06
0.84 1e+06
0.841 1e+06
0.842 1e+06
0.843 1e+06
0.844 1e+06
0.845 1e+06
0.846 1e+06
0.847 1e+06
0.848 1e+06
0.849 1e+06
0.85 1e+06
0.851 1e+06
0.852 1e+06
0.853 1e+06
0.854 1e+06
0.855 1e+06
0.856 1e+06
0.857 1e+06
0.858 1e+06
0.859 1e+06
0.86 1e+06
0.861 1e+06
0.862 1e+06
0.863 1e+06
0.864 1e+06
0.865 1e+06
0.866 1e+06
0.867 1e+06
0.868 1e+06
0.869 1e+06
0.87 1e+06
0.871 1e+06
0.872 1e+06
0.873 1e+06
0.874 1e+06
0.875 1e+06
0.876 1e+06
0.877 1e+06
0.878 1e+06
0.879 1e+06
0.88 1e+06
0.881 1e+06
0.882 1e+06
0.883 1e+06
0.884 1e+06
0.885 1e+06
0.886 1e+06
0.887 1e+06
0.888 1e+06
0.889 1e+06
0.89 1e+06
0.891 1e+06
0.892 1e+06
0.893 1e+06
0.894 1e+06
0.895 1e+06
0.896 1e+06
0.897 1e+06
0.898 1e+06
0.899 1e+06
0.9 1e+06
0.901 1e+06
0.902 1e+06
0.903 1e+06
0.904 1e+06
0.905 1e+06
0.906 1e+06
0.907 1e+06
0.908 1e+06
0.909 1e+06
0.91 1e+06
0.911 1e+06
0.912 1e+06
0.913 1e+06
0.914 1e+06
0.915 1e+06
0.916 1e+06
0.917 1e+06
0.918 1e+06
0.919 1e+06
0.92 1e+06
0.921 1e+06
0.922 1e+06
0.923 1e+06
0.924 1e+06
0.925 1e+06
0.926 1e+06
0.927 1e+06
0.928 1e+06
0.929 1e+06
0.93 1e+06
0.931 1e+06
0.932 1e+06
0.933 1e+06
0.934 1e+06
0.935 1e+06
0.936 1e+06
0.937 1e+06
0.938 1e+06
0.939 1e+06
0.94 1e+06
0.941 1e+06
0.942 1e+06
0.943 1e+06
0.944 1e+06
0.945 1e+06
0.946 1e+06
0.947 1e+06
0.948 1e+06
0.949 1e+06
0.95 1e+06
0.951 1e+06
0.952 1e+06
0.953 1e+06
0.954 1e+06
0.955 1e+06
0.956 1e+06
0.957 1e+06
0.958 1e+06
0.959 1e+06
0.96 1e+06
0.961 1e+06
0.962 1e+06
0.963 1e+06
0.964 1e+06
0.965 1e+06
0.966 1e+06
0.967 1e+06
0.968 1e+06
0.969 1e+06
0.97 1e+06
0.971 1e+06
0.972 1e+06
0.973 1e+06
0.974 1e+06
0.975 1e+06
0.976 1e+06
0.977 1e+06
0.978 1e+06
0.979 1e+06
0.98 1e+06
0.981 1e+06
0.982 1e+06
0.983 1e+06
0.984 1e+06
0.985 1e+06
0.986 1e+06
0.987 1e+06
0.988 1e+06
0.989 1e+06
0.99 1e+06
0.991 1e+06
0.992 1e+06
0.993 1e+06
0.994 1e+06
0.995 1e+06
0.996 1e+06
0.997 1e+06
0.998 1e+06
0.999 1e+06
